import time
table = [[0, 137, 58, 60, 40, 35, 35, 89, 49, 30, 40, 30, 26, 35, 55, 53, 69, 55],
     [137, 0, 80, 150, 168, 140, 102, 65, 100, 119, 139, 110, 123, 117, 100, 135, 105, 110],
     [58, 80, 0, 75, 90, 60, 23, 60, 55, 55, 70, 40, 57, 47, 50, 77, 65, 60],
     [60, 150, 75, 0, 55, 25, 65, 100, 60, 79, 95, 80, 83, 87, 105, 109, 120, 104],
     [40, 168, 90, 55, 0, 30, 70, 108, 68, 49, 40, 60, 45, 59, 79, 55, 85, 70],
     [35, 140, 60, 25, 30, 0, 50, 100, 70, 60, 70, 60, 60, 65, 85, 85, 100, 85],
     [35, 102, 23, 65, 70, 50, 0, 80, 54, 35, 50, 20, 35, 27, 40, 57, 58, 45],
     [89, 65, 60, 100, 108, 100, 80, 0, 40, 59, 79, 74, 63, 69, 89, 89, 102, 84],
     [49, 100, 55, 60, 68, 70, 54, 40, 0, 19, 39, 34, 23, 29, 49, 49, 62, 44],
     [30, 119, 55, 79, 49, 60, 35, 59, 19, 0, 20, 15, 4, 10, 30, 30, 43, 25],
     [40, 139, 70, 95, 40, 70, 50, 79, 39, 20, 0, 30, 20, 25, 40, 15, 45, 30],
     [30, 110, 40, 80, 60, 60, 20, 74, 34, 15, 30, 0, 17, 7, 25, 37, 40, 25],
     [26, 123, 57, 83, 45, 60, 35, 63, 23, 4, 20, 17, 0, 14, 34, 30, 45, 29],
     [35, 117, 47, 87, 59, 65, 27, 69, 29, 10, 25, 7, 14, 0, 22, 30, 37, 21],
     [55, 100, 50, 105, 79, 85, 40, 89, 49, 30, 40, 25, 34, 22, 0, 37, 18, 11],
     [53, 135, 77, 109, 55, 85, 57, 89, 49, 30, 15, 37, 30, 30, 37, 0, 38, 27],
     [69, 105, 65, 120, 85, 100, 58, 102, 62, 43, 45, 40, 45, 37, 18, 38, 0, 18],
     [55, 110, 60, 104, 70, 85, 45, 84, 44, 25, 30, 25, 29, 21, 11, 27, 18, 0]]
foo = []
bar = []
route = []
def toString(List):
    return ''.join(List)
def permute(a, l, r):
    global bar
    global route
    if l==r:
        nooo = toString(a)
        summ = table[0][int(nooo[0])-1]
        for i in range(0,len(nooo)):
            try:
                summ = summ + table[int(nooo[i])-1][int(nooo[i+1])-1]
            except IndexError:
                break
        summ = summ + table[int(nooo[-1])-1][0]
        if len(bar) == 0:
            bar.append(summ)
            route.append(nooo)
        else:
            if summ < min(bar):
                bar[0] = summ
                route[0] = nooo
    else:
        for i in range(l,r+1):
            a[l], a[i] = a[i], a[l]
            permute(a, l+1, r)
            a[l], a[i] = a[i], a[l]
n = int(input())
for i in range(n):
    foo.append(input("Please input the number of your desired destination: "))
start = time.time()
permute(foo, 0, n-1)
end = time.time()
print(end-start)
